%!PS-Adobe-2.0
%%Creator: "barcode", libbarcode sample frontend
%%DocumentPaperSizes: a4
%%EndComments
%%EndProlog

"1554949; UPDATE * SET price=1"        
%%Page: 1 1

% Printing barcode for ""1554949; UPDATE * SET price=1"", scaled  1.00, encoded using "code 128-B"
% The space/bar succession is represented by the following widths (space first):
% 02112142222211232212132122132122212313211222212313211223122122122222131313131211123131113232133111321132122222213122122222131131321132133112122221112421212411421121411221122143222111232212222211211422331112
[
%  height  xpos   ypos  width       height  xpos   ypos  width
   [75.00  11.00  15.00  1.85]      [75.00  13.50  15.00  0.85]
   [75.00  16.50  15.00  0.85]      [70.00  22.00  20.00  1.85]
   [70.00  26.00  20.00  1.85]      [70.00  30.00  20.00  1.85]
   [70.00  32.50  20.00  0.85]      [70.00  36.50  20.00  2.85]
   [70.00  41.00  20.00  1.85]      [70.00  44.00  20.00  1.85]
   [70.00  47.50  20.00  2.85]      [70.00  51.50  20.00  0.85]
   [70.00  55.00  20.00  1.85]      [70.00  58.50  20.00  2.85]
   [70.00  62.50  20.00  0.85]      [70.00  66.00  20.00  1.85]
   [70.00  69.50  20.00  0.85]      [70.00  73.50  20.00  2.85]
   [70.00  77.50  20.00  2.85]      [70.00  81.50  20.00  0.85]
   [70.00  84.00  20.00  1.85]      [70.00  88.00  20.00  1.85]
   [70.00  91.50  20.00  0.85]      [70.00  95.50  20.00  2.85]
   [70.00  99.50  20.00  2.85]      [70.00 103.50  20.00  0.85]
   [70.00 106.00  20.00  1.85]      [70.00 110.50  20.00  2.85]
   [70.00 114.00  20.00  1.85]      [70.00 117.50  20.00  0.85]
   [70.00 121.00  20.00  1.85]      [70.00 124.00  20.00  1.85]
   [70.00 128.00  20.00  1.85]      [70.00 132.00  20.00  1.85]
   [70.00 135.50  20.00  2.85]      [70.00 139.50  20.00  2.85]
   [70.00 143.50  20.00  2.85]      [70.00 147.50  20.00  2.85]
   [70.00 151.00  20.00  1.85]      [70.00 153.50  20.00  0.85]
   [70.00 156.00  20.00  1.85]      [70.00 160.50  20.00  0.85]
   [70.00 164.50  20.00  0.85]      [70.00 166.50  20.00  0.85]
   [70.00 171.00  20.00  1.85]      [70.00 176.00  20.00  1.85]
   [70.00 179.50  20.00  2.85]      [70.00 184.50  20.00  0.85]
   [70.00 186.50  20.00  0.85]      [70.00 191.00  20.00  1.85]
   [70.00 193.50  20.00  0.85]      [70.00 198.00  20.00  1.85]
   [70.00 201.00  20.00  1.85]      [70.00 205.00  20.00  1.85]
   [70.00 209.00  20.00  1.85]      [70.00 212.50  20.00  0.85]
   [70.00 216.50  20.00  0.85]      [70.00 220.00  20.00  1.85]
   [70.00 223.00  20.00  1.85]      [70.00 227.00  20.00  1.85]
   [70.00 231.00  20.00  1.85]      [70.00 234.50  20.00  2.85]
   [70.00 237.50  20.00  0.85]      [70.00 241.50  20.00  0.85]
   [70.00 246.00  20.00  1.85]      [70.00 248.50  20.00  0.85]
   [70.00 253.00  20.00  1.85]      [70.00 256.50  20.00  2.85]
   [70.00 261.50  20.00  0.85]      [70.00 264.00  20.00  1.85]
   [70.00 267.00  20.00  1.85]      [70.00 271.00  20.00  1.85]
   [70.00 274.50  20.00  0.85]      [70.00 276.50  20.00  0.85]
   [70.00 281.00  20.00  3.85]      [70.00 285.50  20.00  0.85]
   [70.00 288.50  20.00  0.85]      [70.00 293.00  20.00  3.85]
   [70.00 296.50  20.00  0.85]      [70.00 302.00  20.00  1.85]
   [70.00 304.50  20.00  0.85]      [70.00 307.50  20.00  0.85]
   [70.00 312.50  20.00  0.85]      [70.00 315.00  20.00  1.85]
   [70.00 318.50  20.00  0.85]      [70.00 321.00  20.00  1.85]
   [70.00 324.50  20.00  0.85]      [70.00 330.50  20.00  2.85]
   [70.00 335.00  20.00  1.85]      [70.00 338.50  20.00  0.85]
   [70.00 340.50  20.00  0.85]      [70.00 344.50  20.00  2.85]
   [70.00 349.00  20.00  1.85]      [70.00 352.00  20.00  1.85]
   [70.00 356.00  20.00  1.85]      [70.00 360.00  20.00  1.85]
   [70.00 362.50  20.00  0.85]      [70.00 365.50  20.00  0.85]
   [70.00 369.00  20.00  3.85]      [75.00 374.00  15.00  1.85]
   [75.00 379.50  15.00  2.85]      [75.00 382.50  15.00  0.85]
   [75.00 385.00  15.00  1.85]   
]	{ {} forall setlinewidth moveto 0 exch rlineto stroke} bind forall
[
%   char    xpos   ypos fontsize
    [(")   21.00  10.00 12.00]
    [(1)   32.00  10.00  0.00]
    [(5)   43.00  10.00  0.00]
    [(5)   54.00  10.00  0.00]
    [(4)   65.00  10.00  0.00]
    [(9)   76.00  10.00  0.00]
    [(4)   87.00  10.00  0.00]
    [(9)   98.00  10.00  0.00]
    [(;)  109.00  10.00  0.00]
    [( )  120.00  10.00  0.00]
    [(U)  131.00  10.00  0.00]
    [(P)  142.00  10.00  0.00]
    [(D)  153.00  10.00  0.00]
    [(A)  164.00  10.00  0.00]
    [(T)  175.00  10.00  0.00]
    [(E)  186.00  10.00  0.00]
    [( )  197.00  10.00  0.00]
    [(*)  208.00  10.00  0.00]
    [( )  219.00  10.00  0.00]
    [(S)  230.00  10.00  0.00]
    [(E)  241.00  10.00  0.00]
    [(T)  252.00  10.00  0.00]
    [( )  263.00  10.00  0.00]
    [(p)  274.00  10.00  0.00]
    [(r)  285.00  10.00  0.00]
    [(i)  296.00  10.00  0.00]
    [(c)  307.00  10.00  0.00]
    [(e)  318.00  10.00  0.00]
    [(=)  329.00  10.00  0.00]
    [(1)  340.00  10.00  0.00]
    [(")  351.00  10.00  0.00]
]   { {} forall dup 0.00 ne {
	/Helvetica findfont exch scalefont setfont
    } {pop} ifelse
    moveto show} bind forall
% End barcode for ""1554949; UPDATE * SET price=1""

showpage
